- OS: Windows-11-10.0.26100-SP0 10.0.26100
- Python: 3.12.9
- Stable-Baselines3: 2.7.0
- PyTorch: 2.6.0
- GPU Enabled: False
- Numpy: 1.26.4
- Cloudpickle: 3.1.2
- Gymnasium: 1.0.0
